1 0 ibdcr1247_12_000490 1
1 0 gastr2983_12_000193 0
1 0 every2870_12_004945 1
1 0 patie3987_12_000655 0
1 0 uptod4830_12_039536 0
1 0 nlm.n3868_12_001694 1
1 0 uptod4830_12_068325 1
1 0 ibdcr1247_12_000263 1
1 0 gastr2983_12_000002 1
1 0 ibdcr1247_12_000135 1
1 0 patie3987_12_000625 1
1 0 ibdcr1247_12_000365 1
1 0 ibdcr1247_12_000142 1
1 0 nlm.n3868_12_001178 1
1 0 journ3382_12_000060 0
1 0 vital4916_12_001086 1
1 0 ibdcr1247_12_000371 0
1 0 ibdcr1247_12_000574 0
1 0 every2870_12_001939 0
1 0 ibdcr1247_12_000564 0
1 0 ibdcr1247_12_000500 1
1 0 ghr.n0840_12_001671 0
1 0 gastr2983_12_000230 0
1 0 ibdcr1247_12_000354 0
1 0 ibdcr1247_12_000568 1
1 0 journ3382_12_000062 0
1 0 altme0929_12_000437 1
1 0 ibdcr1247_12_000022 0
1 0 ibdcr1247_12_000769 0
1 0 ibdcr1247_12_000463 1
1 0 ibdcr1247_12_000138 1
1 0 ibdcr1247_12_000491 1
1 0 ibdcr1247_12_000829 0
1 0 hon.c3189_12_000067 0
1 0 gastr2983_12_000141 1
1 0 ibdcr1247_12_000472 0
1 0 ibdcr1247_12_000034 1
1 0 gastr2983_12_001915 0
1 0 senio1563_12_001376 1
1 0 gastr2983_12_001056 1
1 0 ibdcr1247_12_000249 1
1 0 patie3987_12_000456 0
1 0 ibdcr1247_12_000480 1
1 0 ibdcr1247_12_000252 0
2 0 uptod4830_12_012054 0
2 0 uptod4830_12_025947 0
2 0 patho3986_12_001483 0
2 0 uptod4830_12_006324 0
2 0 clini0836_12_088684 0
2 0 merck0849_12_000432 0
2 0 cance2210_12_001082 0
2 0 endoc2821_12_001555 0
2 0 uptod4830_12_042163 0
2 0 uptod4830_12_012332 0
2 0 uptod4830_12_045692 0
2 0 uptod4830_12_073917 0
2 0 nlm.n3868_12_001144 0
2 0 uptod4830_12_067075 0
2 0 endoc2821_12_000092 0
2 0 merck0849_12_000434 0
2 0 cance2219_12_000429 1
2 0 uptod4830_12_066412 0
2 0 uptod4830_12_012069 0
2 0 lungc1312_12_000203 0
2 0 uptod4830_12_080028 0
2 0 uptod4830_12_066427 0
2 0 endoc2821_12_001554 0
2 0 uptod4830_12_012352 0
2 0 virtu4909_12_000699 0
2 0 uptod4830_12_033708 0
2 0 uptod4830_12_009364 0
2 0 patho3986_12_001501 0
2 0 merck0849_12_000438 0
2 0 merck0849_12_000485 0
2 0 my.cl1373_12_000354 0
2 0 uptod4830_12_036630 0
2 0 bccan2066_12_000417 0
2 0 cance2210_12_001161 0
2 0 uptod4830_12_012214 0
2 0 merck0849_12_000668 0
2 0 uptod4830_12_033501 0
2 0 uptod4830_12_066877 0
2 0 uptod4830_12_012124 0
2 0 uptod4830_12_067076 0
3 0 shoul4402_12_002360 1
3 0 uptod4830_12_004060 1
3 0 uptod4830_12_004064 1
3 0 ortho1429_12_001257 0
3 0 uptod4830_12_077540 1
3 0 uptod4830_12_004082 0
3 0 shoul4402_12_002139 1
3 0 ortho1429_12_001225 0
3 0 uptod4830_12_004039 0
3 0 ortho1429_12_000094 0
3 0 bestb0834_12_002256 0
3 0 uptod4830_12_067501 1
3 0 ultra4811_12_002753 1
3 0 metho3695_12_000176 0
3 0 clini0836_12_079178 0
3 0 clini0836_12_042989 0
3 0 healt3117_12_002436 1
3 0 uptod4830_12_003797 0
3 0 ortho1429_12_001259 0
3 0 uptod4830_12_003742 0
3 0 uptod4830_12_003794 0
3 0 clini2387_12_000329 0
3 0 metho3694_12_002490 0
3 0 clini0836_12_122933 0
3 0 uptod4830_12_003782 0
3 0 uptod4830_12_003983 0
3 0 clini0836_12_098921 0
3 0 ortho1429_12_001260 0
3 0 uptod4830_12_003764 0
3 0 ortho1429_12_001226 0
3 0 uptod4830_12_003788 0
3 0 ultra4811_12_002063 0
3 0 shoul4402_12_002115 1
3 0 ortho1429_12_001358 1
3 0 ultra4811_12_002142 0
3 0 ultra4811_12_002600 0
3 0 uptod4830_12_003756 0
3 0 merck0849_12_001406 0
4 0 innov3303_12_000510 1
4 0 clini0836_12_076402 1
4 0 uptod4830_12_000303 0
4 0 cyber2490_12_000171 0
4 0 euros2867_12_000928 1
4 0 anaes1909_12_001489 0
4 0 colon2421_12_000297 0
4 0 anaes1909_12_001505 0
4 0 uptod4830_12_018431 1
4 0 patie1452_12_000562 0
4 0 aids.0922_12_000377 1
4 0 uptod4830_12_023359 1
4 0 aids.0922_12_001520 0
4 0 uptod4830_12_073022 1
4 0 innov3303_12_000893 1
4 0 clini0836_12_095312 1
4 0 doc2d0838_12_002166 0
5 0 wiki.0842_12_009403 1
5 0 dermw2530_12_000024 0
5 0 wiki.0842_12_009407 1
5 0 daily0837_12_032552 1
5 0 uptod4830_12_009187 1
5 0 dermw2530_12_000021 0
5 0 uptod4830_12_076907 0
5 0 daily0837_12_004606 0
5 0 uptod4830_12_066640 0
5 0 clini0836_12_089822 0
5 0 daily0837_12_003369 0
5 0 cps.c2460_12_000965 0
5 0 uptod4830_12_027970 0
5 0 euros2867_12_000729 0
5 0 tripa0853_12_005365 0
5 0 clini0836_12_072340 0
5 0 daily0837_12_017291 1
5 0 globa3024_12_000202 0
5 0 medic3644_12_000084 0
5 0 daily0837_12_029898 0
5 0 uptod4830_12_082918 0
5 0 globa3024_12_000451 0
5 0 uptod4830_12_027967 0
5 0 globa3024_12_001773 0
5 0 webmd4945_12_001263 0
5 0 daily0837_12_004261 0
5 0 daily0837_12_034958 0
5 0 uptod4830_12_079608 0
5 0 daily0837_12_014250 0
5 0 uptod4830_12_082477 1
5 0 clini0836_12_097496 0
5 0 uptod4830_12_038624 0
5 0 webmd4945_12_001082 0
5 0 daily0837_12_020986 0
5 0 webmd4945_12_001251 0
5 0 daily0837_12_031466 0
5 0 daily0837_12_028908 0
5 0 chkd.2351_12_001842 1
5 0 globa3024_12_001611 0
5 0 uptod4830_12_043034 1
5 0 mgh.o3697_12_000584 1
5 0 webmd4945_12_001076 1
5 0 uptod4830_12_075945 1
5 0 tripa0853_12_003843 1
5 0 uptod4830_12_028047 0
5 0 dermw2530_12_000009 0